image: katk_02_06_2023.pgm
resolution: 0.050000
origin: [-7.324191, -13.348413, 0.000000]
negate: 0
occupied_thresh: 0.65
free_thresh: 0.196

