image: rtabmap.pgm
resolution: 0.050000
origin: [-5.437606, -2.299345, 0.000000]
negate: 0
occupied_thresh: 0.65
free_thresh: 0.196

